6.72314e-13	9.3018563765193560e-08	1e-10
6.94882e-13	9.4879260395952910e-08	1.02e-10
7.18197e-13	9.6776980233715620e-08	1.0404e-10
7.42284e-13	9.8712284236163550e-08	1.06121e-10
7.67166e-13	1.0068685527634230e-07	1.08243e-10
7.92871e-13	1.0270013239657002e-07	1.10408e-10
8.19425e-13	1.0475435942757415e-07	1.12616e-10
8.46855e-13	1.0684953636935474e-07	1.14869e-10
8.75190e-13	1.0898622417959363e-07	1.17166e-10
9.04460e-13	1.1116610573133643e-07	1.19509e-10
9.34694e-13	1.1338974198226500e-07	1.21899e-10
9.65924e-13	1.1565713293237936e-07	1.24337e-10
9.98182e-13	1.1797052241240697e-07	1.26824e-10
1.03150e-12	1.2032991042234782e-07	1.29361e-10
1.06592e-12	1.2273641887756568e-07	1.31948e-10
1.10146e-12	1.2519116969342427e-07	1.34587e-10
1.13818e-12	1.2769528478528732e-07	1.37279e-10
1.17610e-12	1.3024932511083673e-07	1.40024e-10
1.21526e-12	1.3285385162775432e-07	1.42825e-10
1.25571e-12	1.3551110816676763e-07	1.45681e-10
1.29749e-12	1.3822165568555845e-07	1.48595e-10
1.34063e-12	1.4098605514180870e-07	1.51567e-10
1.38518e-12	1.4380542845088212e-07	1.54598e-10
1.43120e-12	1.4668201944350617e-07	1.5769e-10
1.47872e-12	1.4961526716199900e-07	1.60844e-10
1.52779e-12	1.5260797639476993e-07	1.64061e-10
1.57846e-12	1.5566014714181895e-07	1.67342e-10
1.63079e-12	1.5877346227619170e-07	1.70689e-10
1.68483e-12	1.6194848275557003e-07	1.74102e-10
1.74063e-12	1.6518801336836330e-07	1.77584e-10
1.79824e-12	1.6849149315688962e-07	1.81136e-10
1.85774e-12	1.7186116595187650e-07	1.84759e-10
1.91917e-12	1.7529871462636954e-07	1.88454e-10
1.98260e-12	1.7880470013805053e-07	1.92223e-10
2.04809e-12	1.8238080535996520e-07	1.96068e-10
2.11571e-12	1.8602871316515909e-07	1.99989e-10
2.18553e-12	1.8974898451131407e-07	2.03989e-10
2.25761e-12	1.9354386322915760e-07	2.08069e-10
2.33203e-12	1.9741503219173530e-07	2.1223e-10
2.40886e-12	2.0136361331441096e-07	2.16474e-10
2.48818e-12	2.0539072851254825e-07	2.20804e-10
2.57007e-12	2.0949862161687468e-07	2.2522e-10
2.65461e-12	2.1368841454275396e-07	2.29724e-10
2.74188e-12	2.1796235112091361e-07	2.34319e-10
2.83198e-12	2.2232155326671732e-07	2.39005e-10
2.92498e-12	2.2676826481089260e-07	2.43785e-10
3.02099e-12	2.3130360766880318e-07	2.48661e-10
3.12009e-12	2.3592982567117654e-07	2.53634e-10
3.22238e-12	2.4064860169105827e-07	2.58707e-10
3.32798e-12	2.4546161860149395e-07	2.63881e-10
3.43697e-12	2.5037055927552930e-07	2.69159e-10
3.54946e-12	2.5537822850157356e-07	2.74542e-10
3.66558e-12	2.6048574819499050e-07	2.80033e-10
3.78542e-12	2.6569592314418940e-07	2.85633e-10
3.90911e-12	2.7100987526453410e-07	2.91346e-10
4.03678e-12	2.7642984838675204e-07	2.97173e-10
4.16853e-12	2.8195864729925254e-07	3.03117e-10
4.30451e-12	2.8759795487508130e-07	3.09179e-10
4.44484e-12	2.9335001494496564e-07	3.15362e-10
4.58966e-12	2.9921707133963310e-07	3.2167e-10
4.73912e-12	3.0520136788981120e-07	3.28103e-10
4.89335e-12	3.1130570938390926e-07	3.34665e-10
5.05250e-12	3.1753177869497296e-07	3.41358e-10
5.21674e-12	3.2388238061141150e-07	3.48186e-10
5.38621e-12	3.3036031992163430e-07	3.55149e-10
5.56108e-12	3.3696784045636880e-07	3.62252e-10
5.74153e-12	3.4370718604634256e-07	3.69497e-10
5.92771e-12	3.5058116147996480e-07	3.76887e-10
6.11982e-12	3.5759313250332690e-07	3.84425e-10
6.31803e-12	3.6474478198947435e-07	3.92114e-10
6.52254e-12	3.7204003664218020e-07	3.99956e-10
6.73354e-12	3.7948114029217200e-07	4.07955e-10
6.95123e-12	3.8707089772785907e-07	4.16114e-10
7.17582e-12	3.9481211373765083e-07	4.24436e-10
7.40752e-12	4.0270871502532023e-07	4.32925e-10
7.64655e-12	4.1076294542159487e-07	4.41584e-10
7.89314e-12	4.1897817067256580e-07	4.50415e-10
8.14752e-12	4.2735831748200630e-07	4.59424e-10
8.40994e-12	4.3590562968064370e-07	4.68612e-10
8.68063e-12	4.4462403397225114e-07	4.77984e-10
8.95986e-12	4.5351633514523800e-07	4.87544e-10
9.24789e-12	4.6258702086105913e-07	4.97295e-10
9.54499e-12	4.7183889590812390e-07	5.07241e-10
9.85143e-12	4.8127588699020550e-07	5.17386e-10
1.01675e-11	4.9090135985339510e-07	5.27733e-10
1.04935e-11	5.0071980215914750e-07	5.38288e-10
1.08297e-11	5.1073457965355410e-07	5.49054e-10
1.11765e-11	5.2094905808270610e-07	5.60035e-10
1.15342e-11	5.3136828606574030e-07	5.71235e-10
1.19030e-11	5.4199619030642970e-07	5.8266e-10
1.22834e-11	5.5283613655086560e-07	5.94313e-10
1.26757e-11	5.6389149054513910e-07	6.062e-10
1.30803e-11	5.7517234952752390e-07	6.18324e-10
1.34974e-11	5.8667759158265640e-07	6.3069e-10
1.39276e-11	5.9840721671053650e-07	6.43304e-10
1.43712e-11	6.1037805364162030e-07	6.5617e-10
1.48287e-11	6.2258449279908880e-07	6.69293e-10
1.53003e-11	6.3503775333657990e-07	6.82679e-10
1.57866e-11	6.4773783525409320e-07	6.96333e-10
1.62881e-11	6.6069595770526630e-07	7.10259e-10
1.68051e-11	6.7390651111328040e-07	7.24465e-10
1.73381e-11	6.8738632420859160e-07	7.38954e-10
1.78877e-11	7.0113539699120000e-07	7.53733e-10
1.84543e-11	7.1515933903792400e-07	7.68808e-10
1.90385e-11	7.2945815034876400e-07	7.84184e-10
1.96407e-11	7.4404865965417580e-07	7.99867e-10
2.02615e-11	7.5893086695415930e-07	8.15865e-10
2.09015e-11	7.7411038182553360e-07	8.32182e-10
2.15612e-11	7.8959281384511710e-07	8.48826e-10
2.22413e-11	8.0538377258972830e-07	8.65802e-10
2.29423e-11	8.2149447721300490e-07	8.83118e-10
2.36649e-11	8.3792492771494700e-07	9.00781e-10
2.44098e-11	8.5468073367237300e-07	9.18796e-10
2.51775e-11	8.7177872381573900e-07	9.37172e-10
2.59688e-11	8.8921328856822640e-07	9.55916e-10
2.67844e-11	9.0699564708347260e-07	9.75034e-10
2.76250e-11	9.2513701851511490e-07	9.94535e-10
2.84913e-11	9.4364301243997200e-07	1.01443e-09
2.93841e-11	9.6251362885804400e-07	1.03471e-09
3.03043e-11	9.8176569649978690e-07	1.05541e-09
3.12525e-11	1.0014048249420192e-06	1.07652e-09
3.22298e-11	1.0214310141847414e-06	1.09805e-09
3.32368e-11	1.0418610929584090e-06	1.12001e-09
3.42745e-11	1.0627006708398410e-06	1.14241e-09
3.53439e-11	1.0839553574058561e-06	1.16526e-09
3.64458e-11	1.1056307622332727e-06	1.18856e-09
3.75811e-11	1.1277437140525474e-06	1.21233e-09
3.87510e-11	1.1502998224404984e-06	1.23658e-09
3.99564e-11	1.1733103065507634e-06	1.26131e-09
4.11984e-11	1.1967751663833422e-06	1.28654e-09
4.24780e-11	1.2207112306686909e-06	1.31227e-09
4.37964e-11	1.2451241089836284e-06	1.33851e-09
4.51546e-11	1.2700306300586103e-06	1.36528e-09
4.65539e-11	1.2954307938936368e-06	1.39259e-09
4.79955e-11	1.3213414292191645e-06	1.42044e-09
4.94806e-11	1.3477681456120114e-06	1.44885e-09
5.10105e-11	1.3747277718026338e-06	1.47783e-09
5.25865e-11	1.4022203077910318e-06	1.50738e-09
5.42099e-11	1.4302681918844799e-06	1.53753e-09
5.58822e-11	1.4588714240829785e-06	1.56828e-09
5.76048e-11	1.4880524426938020e-06	1.59965e-09
5.93790e-11	1.5178112477169506e-06	1.63164e-09
6.12066e-11	1.5481702774596989e-06	1.66427e-09
6.30889e-11	1.5791351414988657e-06	1.69756e-09
6.50277e-11	1.6107226685649070e-06	1.73151e-09
6.70244e-11	1.6429328586578230e-06	1.76614e-09
6.90809e-11	1.6757937596617070e-06	1.80146e-09
7.11989e-11	1.7093109811533776e-06	1.83749e-09
7.33801e-11	1.7435013518632912e-06	1.87424e-09
7.56264e-11	1.7783704813682660e-06	1.91173e-09
7.79397e-11	1.8139408079755768e-06	1.94996e-09
8.03219e-11	1.8502235508388614e-06	1.98896e-09
8.27750e-11	1.8872299291117570e-06	2.02874e-09
8.53010e-11	1.9249711619479010e-06	2.06931e-09
8.79021e-11	1.9634752972313865e-06	2.1107e-09
9.05805e-11	2.0027479445390333e-06	2.15291e-09
9.33383e-11	2.0428059326012956e-06	2.19597e-09
9.61779e-11	2.0836604805718123e-06	2.23989e-09
9.91016e-11	2.1253340267578580e-06	2.28469e-09
1.02112e-10	2.1678433998898875e-06	2.33038e-09
1.05211e-10	2.2112054286983587e-06	2.37699e-09
1.08402e-10	2.2554313323369080e-06	2.42453e-09
1.11687e-10	2.3005435491128100e-06	2.47302e-09
1.15069e-10	2.3465532981797026e-06	2.52248e-09
1.18550e-10	2.3934886274216790e-06	2.57293e-09
1.22135e-10	2.4413607559923763e-06	2.62439e-09
1.25824e-10	2.4901921221990700e-06	2.67688e-09
1.29623e-10	2.5399939451953963e-06	2.73042e-09
1.33532e-10	2.5907998824422685e-06	2.78502e-09
1.37557e-10	2.6426155435165047e-06	2.84072e-09
1.41700e-10	2.6954745858790172e-06	2.89754e-09
1.45964e-10	2.7493826191066246e-06	2.95549e-09
1.50353e-10	2.8043733006602392e-06	3.0146e-09
1.54870e-10	2.8604634592703170e-06	3.07489e-09
1.59520e-10	2.9176755332441324e-06	3.13639e-09
1.64305e-10	2.9760375704657797e-06	3.19912e-09
1.69231e-10	3.0355607900888953e-06	3.2631e-09
1.74300e-10	3.0962732399975735e-06	3.32836e-09
1.79516e-10	3.1582029680759076e-06	3.39493e-09
1.84885e-10	3.2213724126311713e-06	3.46283e-09
1.90410e-10	3.2858040119706407e-06	3.53208e-09
1.96096e-10	3.3515202044015900e-06	3.60272e-09
2.01947e-10	3.4185546473849313e-06	3.67478e-09
2.07968e-10	3.4869297792279390e-06	3.74827e-09
2.14164e-10	3.5566736478147070e-06	3.82324e-09
2.20539e-10	3.6278086914525110e-06	3.89971e-09
2.27099e-10	3.7003741771790800e-06	3.9777e-09
2.33849e-10	3.7743869337248715e-06	4.05725e-09
2.40795e-10	3.8498750089739780e-06	4.1384e-09
2.47941e-10	3.9268776699641300e-06	4.22117e-09
2.55294e-10	4.0054229645794230e-06	4.30559e-09
2.62859e-10	4.0855333311271295e-06	4.3917e-09
2.70642e-10	4.1672536462218000e-06	4.47954e-09
2.78650e-10	4.2506007385938910e-06	4.56913e-09
2.86888e-10	4.3356194848579520e-06	4.66051e-09
2.95364e-10	4.4223379328980750e-06	4.75372e-09
3.04083e-10	4.5107897401751730e-06	4.84879e-09
3.13053e-10	4.6010141737269770e-06	4.94577e-09
3.22281e-10	4.6930392814375810e-06	5.04468e-09
3.31774e-10	4.7869043303447146e-06	5.14558e-09
3.41539e-10	4.8826485874861095e-06	5.24849e-09
3.51584e-10	4.9803113198994960e-06	5.35346e-09
3.61916e-10	5.0799261850457870e-06	5.46053e-09
3.72544e-10	5.1815324499627130e-06	5.56974e-09
3.83477e-10	5.2851693816880040e-06	5.68113e-09
3.94722e-10	5.3908818568362100e-06	5.79476e-09
4.06288e-10	5.4987035328682440e-06	5.91065e-09
4.18184e-10	5.6086905055522920e-06	6.02886e-09
4.30420e-10	5.7208708227724474e-06	6.14944e-09
4.43004e-10	5.8353061898737155e-06	6.27243e-09
4.55947e-10	5.9519853877024610e-06	6.39788e-09
4.69259e-10	6.0710767035632410e-06	6.52584e-09
4.82949e-10	6.1924679459196860e-06	6.65635e-09
4.97028e-10	6.3163274020763525e-06	6.78948e-09
5.11508e-10	6.4427111678014310e-06	6.92527e-09
5.26398e-10	6.5715631473267320e-06	7.06378e-09
5.41711e-10	6.7029955321886300e-06	7.20505e-09
5.57459e-10	6.8370644181553120e-06	7.34915e-09
5.73652e-10	6.9738259009949660e-06	7.49614e-09
5.90305e-10	7.1132799807075900e-06	7.64606e-09
6.07428e-10	7.2555949445977470e-06	7.79898e-09
6.25036e-10	7.4007146968972480e-06	7.95496e-09
6.43142e-10	7.5487514291424680e-06	8.11406e-09
6.61759e-10	7.6997051413334060e-06	8.27634e-09
6.80901e-10	7.8537441207746220e-06	8.44187e-09
7.00584e-10	8.0108122716979330e-06	8.6107e-09
7.20822e-10	8.1710217856397100e-06	8.78292e-09
7.41629e-10	8.3344848541363270e-06	8.95858e-09
7.63023e-10	8.5012014771877810e-06	9.13775e-09
7.85020e-10	8.6712277505622660e-06	9.3205e-09
8.07634e-10	8.8446758657961500e-06	9.50691e-09
8.30885e-10	9.0216019186576200e-06	9.69705e-09
8.54789e-10	9.2020059091466800e-06	9.89099e-09
8.79363e-10	9.3861122203360740e-06	1.00888e-08
9.04628e-10	9.5738086606894290e-06	1.02906e-08
9.30601e-10	9.7653196132794940e-06	1.04964e-08
9.57302e-10	9.9606450781062670e-06	1.07063e-08
9.84751e-10	1.0159897246706123e-05	1.09205e-08
1.01297e-09	1.0363076119079063e-05	1.11389e-08
1.04198e-09	1.0570349982529645e-05	1.13616e-08
1.07179e-09	1.0781831028594245e-05	1.15889e-08
1.10245e-09	1.0997463161504673e-05	1.18207e-08
1.13395e-09	1.1217414668565494e-05	1.20571e-08
1.16634e-09	1.1441797741313080e-05	1.22982e-08
1.19963e-09	1.1670668475515619e-05	1.25442e-08
1.23385e-09	1.1904082966941295e-05	1.27951e-08
1.26903e-09	1.2142209502894670e-05	1.3051e-08
1.30518e-09	1.2385104179143931e-05	1.3312e-08
1.34234e-09	1.2632823091457266e-05	1.35782e-08
1.38053e-09	1.2885478431371048e-05	1.38498e-08
1.41979e-09	1.3143238486189838e-05	1.41268e-08
1.46014e-09	1.3406103255913634e-05	1.44093e-08
1.50161e-09	1.3674297123615186e-05	1.46975e-08
1.54423e-09	1.3947820089294491e-05	1.49914e-08
1.58803e-09	1.4226784344487929e-05	1.52913e-08
1.63305e-09	1.4511358176500055e-05	1.55971e-08
1.67931e-09	1.4801597681099057e-05	1.5909e-08
1.72686e-09	1.5097671145589495e-05	1.62272e-08
1.77573e-09	1.5399634665739560e-05	1.65518e-08
1.82595e-09	1.5707712624621992e-05	1.68828e-08
1.87756e-09	1.6021905022236804e-05	1.72205e-08
1.93059e-09	1.6342380145888540e-05	1.75649e-08
1.98510e-09	1.6669250187113586e-05	1.79162e-08
2.04111e-09	1.7002683433216500e-05	1.82745e-08
2.09866e-09	1.7342792075733650e-05	1.864e-08
2.15781e-09	1.7689688306201420e-05	1.90128e-08
2.21858e-09	1.8043484316156176e-05	1.9393e-08
2.28103e-09	1.8404404488670670e-05	1.97809e-08
2.34521e-09	1.8772561015281268e-05	2.01765e-08
2.41115e-09	1.9148066087524356e-05	2.058e-08
2.47891e-09	1.9531031896936298e-05	2.09916e-08
2.54854e-09	1.9921738922358032e-05	2.14115e-08
2.62008e-09	2.0320187163789555e-05	2.18397e-08
2.69359e-09	2.0726657100071805e-05	2.22765e-08
2.76911e-09	2.1141260922741160e-05	2.2722e-08
2.84672e-09	2.1564166919102170e-05	2.31765e-08
2.92646e-09	2.1995487280691220e-05	2.364e-08
3.00838e-09	2.2435446390581050e-05	2.41128e-08
3.09256e-09	2.2884212536076215e-05	2.45951e-08
3.17904e-09	2.3341954004481294e-05	2.5087e-08
3.26790e-09	2.3808895178869020e-05	2.55887e-08
3.35919e-09	2.4285092155007585e-05	2.61005e-08
3.45298e-09	2.4770881507506104e-05	2.66225e-08
3.54934e-09	2.5266375427900960e-05	2.71549e-08
3.64834e-09	2.5771798299264900e-05	2.7698e-08
3.75005e-09	2.6287262313134292e-05	2.8252e-08
3.85454e-09	2.6813104044118260e-05	2.8817e-08
3.96189e-09	2.7349435683753173e-05	2.93934e-08
4.07218e-09	2.7896537710879974e-05	2.99812e-08
4.18547e-09	2.8454522317035034e-05	3.05809e-08
4.30186e-09	2.9023726076827473e-05	3.11925e-08
4.42143e-09	2.9604261181793664e-05	3.18163e-08
4.54426e-09	3.0196464206542730e-05	3.24526e-08
4.67045e-09	3.0800447342611044e-05	3.31017e-08
4.80007e-09	3.1416547164607730e-05	3.37637e-08
4.93323e-09	3.2044988055605530e-05	3.4439e-08
5.07001e-09	3.2685994398677194e-05	3.51278e-08
5.21052e-09	3.3339790576895470e-05	3.58303e-08
5.35486e-09	3.4006713164869484e-05	3.6547e-08
5.50313e-09	3.4686986545671980e-05	3.72779e-08
5.65543e-09	3.5380835102375700e-05	3.80235e-08
5.81187e-09	3.6088539313821585e-05	3.87839e-08
5.97257e-09	3.6810435754618760e-05	3.95596e-08
6.13763e-09	3.7546748807839960e-05	4.03508e-08
6.30718e-09	3.8297815048094310e-05	4.11578e-08
6.48134e-09	3.9063914954222760e-05	4.1981e-08
6.66022e-09	3.9845329005066230e-05	4.28206e-08
6.84396e-09	4.0642337679465656e-05	4.3677e-08
7.03268e-09	4.1455333647798340e-05	4.45505e-08
7.22653e-09	4.2284597388905230e-05	4.54415e-08
7.42563e-09	4.3130409381627250e-05	4.63504e-08
7.63012e-09	4.3993162296341720e-05	4.72774e-08
7.84016e-09	4.4873192707657756e-05	4.82229e-08
8.05589e-09	4.5770837190184470e-05	4.91874e-08
8.27746e-09	4.6686432318531000e-05	5.01711e-08
8.50503e-09	4.7620314667306450e-05	5.11746e-08
8.73875e-09	4.8572876906888136e-05	5.2198e-08
8.97880e-09	4.9544511707653374e-05	5.3242e-08
9.22534e-09	5.0535611739979456e-05	5.43069e-08
9.47855e-09	5.1546513578475520e-05	5.5393e-08
9.73860e-09	5.2577609893518860e-05	5.65008e-08
1.00057e-08	5.3629349451254986e-05	5.76309e-08
1.02800e-08	5.4702181017829374e-05	5.87835e-08
1.05617e-08	5.5796385072082980e-05	5.99592e-08
1.08510e-08	5.6912522571697660e-05	6.11583e-08
1.11481e-08	5.8051266665891656e-05	6.23815e-08
1.14532e-08	5.9212449067360410e-05	6.36291e-08
1.17666e-08	6.0396630733785790e-05	6.49017e-08
1.20884e-08	6.1604933580531540e-05	6.61997e-08
1.24188e-08	6.2837357607597660e-05	6.75237e-08
1.27582e-08	6.4094463772666010e-05	6.88742e-08
1.31067e-08	6.5376252075736590e-05	7.02517e-08
1.34647e-08	6.6684405389855010e-05	7.16567e-08
1.38322e-08	6.8018362757339410e-05	7.30899e-08
1.42096e-08	6.9378685135871650e-05	7.45517e-08
1.45972e-08	7.0766494440815470e-05	7.60427e-08
1.49953e-08	7.2182351629852740e-05	7.75636e-08
1.54040e-08	7.3626256702983460e-05	7.91148e-08
1.58237e-08	7.5099331575571360e-05	8.06971e-08
1.62547e-08	7.6601576247616440e-05	8.23111e-08
1.66973e-08	7.8133551676800590e-05	8.39573e-08
1.71517e-08	7.9696940736169390e-05	8.56364e-08
1.76184e-08	8.1291182468040980e-05	8.73492e-08
1.80976e-08	8.2917398787779100e-05	8.90961e-08
1.85897e-08	8.4576150653065650e-05	9.08781e-08
1.90950e-08	8.6267999021582440e-05	9.26956e-08
1.96138e-08	8.7993504851011360e-05	9.45495e-08
2.01465e-08	8.9753790056716180e-05	9.64405e-08
2.06935e-08	9.1549415596378740e-05	9.83693e-08
2.12552e-08	9.3380942427680900e-05	1.00337e-07
2.18320e-08	9.5248931508304550e-05	1.02343e-07
2.24242e-08	9.7153943795931570e-05	1.0439e-07
2.30322e-08	9.9097662163607520e-05	1.06478e-07
2.36566e-08	0.00010108008661133245	1.08608e-07
2.42976e-08	0.00010310233905447006	1.1078e-07
2.49559e-08	0.00010516498045070225	1.12995e-07
2.56317e-08	0.00010726857175771087	1.15255e-07
2.63256e-08	0.00010941423489085964	1.1756e-07
2.70381e-08	0.00011160309176551235	1.19912e-07
2.77696e-08	0.00011383570333935083	1.2231e-07
2.85207e-08	0.00011611319152773882	1.24756e-07
2.92918e-08	0.00011843611728835821	1.27251e-07
3.00836e-08	0.00012080560253657271	1.29796e-07
3.08965e-08	0.00012322220823006422	1.32392e-07
3.17311e-08	0.00012568705628419644	1.3504e-07
3.25880e-08	0.00012820126861433313	1.37741e-07
3.34678e-08	0.00013076596713583805	1.40496e-07
3.43711e-08	0.00013338227376407490	1.43306e-07
3.52984e-08	0.00013605074945672558	1.46172e-07
3.62506e-08	0.00013877251612915374	1.49095e-07
3.72281e-08	0.00014154869569672330	1.52077e-07
3.82316e-08	0.00014438041007479782	1.55119e-07
3.92619e-08	0.00014726878117874110	1.58221e-07
4.03197e-08	0.00015021493092391690	1.61385e-07
4.14057e-08	0.00015321998122568896	1.64613e-07
4.25206e-08	0.00015628505399942097	1.67905e-07
4.36652e-08	0.00015941183211815860	1.71263e-07
4.48402e-08	0.00016260087653958364	1.74689e-07
4.60466e-08	0.00016585387013674175	1.78182e-07
4.72850e-08	0.00016917193482499668	1.81746e-07
4.85565e-08	0.00017255619251971217	1.85381e-07
4.98617e-08	0.00017600832609393377	1.89089e-07
5.12017e-08	0.00017952945746302525	1.9287e-07
5.25773e-08	0.00018312070854235038	1.96728e-07
5.39894e-08	0.00018678432316263658	2.00662e-07
5.54391e-08	0.00019052142323924760	2.04676e-07
5.69274e-08	0.00019433256972986536	2.08769e-07
5.84551e-08	0.00019822056742289915	2.12945e-07
6.00235e-08	0.00020218597727603087	2.17203e-07
6.16335e-08	0.00020623104311998797	2.21547e-07
6.32863e-08	0.00021035688687013420	2.25978e-07
6.49829e-08	0.00021456519139951516	2.30498e-07
6.67246e-08	0.00021885820053885836	2.35108e-07
6.85124e-08	0.00022323647524584560	2.3981e-07
7.03478e-08	0.00022770282030888630	2.44606e-07
7.22318e-08	0.00023225835764334416	2.49498e-07
7.41657e-08	0.00023690477012226480	2.54488e-07
7.61510e-08	0.00024164430157637567	2.59578e-07
7.81888e-08	0.00024647863487872240	2.6477e-07
8.02807e-08	0.00025141001386003250	2.70065e-07
8.24280e-08	0.00025644012139335150	2.75466e-07
8.46322e-08	0.00026157007939404320	2.80976e-07
8.68948e-08	0.00026680325360819876	2.86595e-07
8.92173e-08	0.00027214132690886380	2.92327e-07
9.16012e-08	0.00027758598216908397	2.98174e-07
9.40483e-08	0.00028313946321958667	3.04137e-07
9.65601e-08	0.00028880401389109950	3.1022e-07
9.91384e-08	0.00029458243897203173	3.16424e-07
1.01785e-07	0.00030047586037774710	3.22753e-07
1.04501e-07	0.00030648764385433680	3.29208e-07
1.07290e-07	0.00031261947227484644	3.35792e-07
1.10152e-07	0.00031887415042768536	3.42508e-07
1.13089e-07	0.00032525336118589923	3.49358e-07
1.16105e-07	0.00033176103125326107	3.56345e-07
1.19200e-07	0.00033839884350281654	3.63472e-07
1.22377e-07	0.00034516904176529310	3.70742e-07
1.25637e-07	0.00035207499178678190	3.78156e-07
1.28984e-07	0.00035911893739801046	3.8572e-07
1.32419e-07	0.00036630368338738820	3.93434e-07
1.35945e-07	0.00037363259550100620	4.01303e-07
1.39564e-07	0.00038110791756959200	4.09329e-07
1.43278e-07	0.00038873301533923687	4.17515e-07
1.47090e-07	0.00039651069359835000	4.25866e-07
1.51003e-07	0.00040444375713534090	4.34383e-07
1.55019e-07	0.00041253557169630077	4.4307e-07
1.59141e-07	0.00042078950302732067	4.51932e-07
1.63371e-07	0.00042920835591681010	4.60971e-07
1.67713e-07	0.00043779605706854207	4.7019e-07
1.72170e-07	0.00044655541127092596	4.79594e-07
1.76743e-07	0.00045548978427005300	4.89186e-07
1.81438e-07	0.00046460366372737803	4.98969e-07
1.86256e-07	0.00047389929347362860	5.08949e-07
1.91200e-07	0.00048338116117025977	5.19128e-07
1.96275e-07	0.00049305263256336260	5.2951e-07
2.01483e-07	0.00050291763435671030	5.401e-07
2.06829e-07	0.00051298009325407570	5.50902e-07
2.12315e-07	0.00052324393595923200	5.61921e-07
2.17945e-07	0.00053371308917595270	5.73159e-07
2.23723e-07	0.00054439147960801020	5.84622e-07
2.29653e-07	0.00055528415587454180	5.96315e-07
2.35740e-07	0.00056639336180627470	6.08241e-07
2.41986e-07	0.00057772470698002790	6.20406e-07
2.48396e-07	0.00058928604480334720	6.32814e-07
2.54974e-07	0.00060107737527623280	6.4547e-07
2.61725e-07	0.00061310430797550330	6.58379e-07
2.68654e-07	0.00062537245247797760	6.71547e-07
2.75764e-07	0.00063788180878365560	6.84978e-07
2.83061e-07	0.00065064920562299320	6.98678e-07
2.90550e-07	0.00066366342384235310	7.12651e-07
2.98235e-07	0.00067694690174901030	7.26904e-07
3.06121e-07	0.00069048842018932710	7.41442e-07
3.14215e-07	0.00070430480789375970	7.56271e-07
3.22520e-07	0.00071839606486230810	7.71396e-07
3.31043e-07	0.00073277341024860950	7.86824e-07
3.39790e-07	0.00074743684405266430	8.02561e-07
3.48766e-07	0.00076239197585129090	8.18612e-07
3.57977e-07	0.00077764441522130790	8.34984e-07
3.67429e-07	0.00079320538131635310	8.51684e-07
3.77129e-07	0.00080908048371324480	8.68718e-07
3.87083e-07	0.00082526972241198310	8.86092e-07
3.97297e-07	0.00084177870698938670	9.03814e-07
4.07778e-07	0.00085862426617591180	9.2189e-07
4.18534e-07	0.00087580639997155820	9.40328e-07
4.29572e-07	0.00089333071795314460	9.59135e-07
4.40897e-07	0.00091120282969748970	9.78317e-07
4.52520e-07	0.00092943956393504980	9.97884e-07
4.64445e-07	0.00094803531108900600	1.01784e-06
4.76683e-07	0.00096700689988981430	1.0382e-06
4.89240e-07	0.00098635433033747490	1.05896e-06
5.02126e-07	0.00100609443116244380	1.08014e-06
5.15348e-07	0.00102622720236472100	1.10174e-06
5.28915e-07	0.00104675825352112500	1.12378e-06
5.42837e-07	0.00106770441336211220	1.14625e-06
5.57122e-07	0.00108907129146450100	1.16918e-06
5.71780e-07	0.00111086449740511020	1.19256e-06
5.86820e-07	0.00113308964076075880	1.21641e-06
6.02253e-07	0.00115576355026190220	1.24074e-06
6.18088e-07	0.00117889183548535960	1.26556e-06
6.34337e-07	0.00120248571558476820	1.29087e-06
6.51008e-07	0.00122654519056012810	1.31669e-06
6.68115e-07	0.00125109269871871400	1.34302e-06
6.85667e-07	0.00127612824006052580	1.36988e-06
7.03676e-07	0.00130166303373920100	1.39728e-06
7.22155e-07	0.00132770829890837710	1.42522e-06
7.41114e-07	0.00135428086429851020	1.45373e-06
7.60568e-07	0.00138138072990959980	1.4828e-06
7.80528e-07	0.00140902472447210240	1.51246e-06
8.01007e-07	0.00143721845756283650	1.54271e-06
8.22019e-07	0.00146597875791225830	1.57356e-06
8.43578e-07	0.00149531684467400500	1.60503e-06
8.65697e-07	0.00152523832742489550	1.63713e-06
8.88391e-07	0.00155576003489538600	1.66988e-06
9.11676e-07	0.00158689318623911360	1.70327e-06
9.35566e-07	0.00161864900060971560	1.73734e-06
9.60076e-07	0.00165104430673764830	1.77209e-06
9.85223e-07	0.00168408471419973040	1.80753e-06
1.01102e-06	0.00171778705172641780	1.84368e-06
1.03749e-06	0.00175216253847134780	1.88055e-06
1.06465e-06	0.00178722800316497680	1.91816e-06
1.09251e-06	0.00182298905538412340	1.95653e-06
1.12110e-06	0.00185947374301288080	1.99566e-06
1.15042e-06	0.00189668767562806780	2.03557e-06
1.18051e-06	0.00193464207238332190	2.07628e-06
1.21138e-06	0.00197335937158591800	2.11781e-06
1.24305e-06	0.00201285079238949300	2.16016e-06
1.27553e-06	0.00205313316352450340	2.20337e-06
1.30886e-06	0.00209422331372140500	2.24743e-06
1.34306e-06	0.00213613246213383530	2.29238e-06
1.37814e-06	0.00217888304706906900	2.33823e-06
1.41412e-06	0.00222248628768074350	2.38499e-06
1.45104e-06	0.00226696462227613400	2.43269e-06
1.48892e-06	0.00231233487958569560	2.48135e-06
1.52777e-06	0.00235861388833988540	2.53098e-06
1.56763e-06	0.00240581847726915880	2.5816e-06
1.60852e-06	0.00245396547510397200	2.63323e-06
1.65047e-06	0.00250307732015160000	2.68589e-06
1.69350e-06	0.00255317084114249800	2.73961e-06
1.73764e-06	0.00260426847638394260	2.7944e-06
1.78293e-06	0.00265639266418320630	2.85029e-06
1.82938e-06	0.00270955462369392800	2.9073e-06
1.87703e-06	0.00276378240280020100	2.96544e-06
1.92592e-06	0.00281909843980929960	3.02475e-06
1.97606e-06	0.00287551956345168030	3.08525e-06
2.02750e-06	0.00293306821203461700	3.14695e-06
2.08026e-06	0.00299177243344220400	3.20989e-06
2.13439e-06	0.00305164905640489730	3.27409e-06
2.18991e-06	0.00311272612880679040	3.33957e-06
2.24686e-06	0.00317502047937833840	3.40636e-06
2.30529e-06	0.00323857137515727370	3.47449e-06
2.36521e-06	0.00330338442572041400	3.54398e-06
2.42668e-06	0.00336950450768230900	3.61486e-06
2.48973e-06	0.00343694284019659560	3.68715e-06
2.55440e-06	0.00350573308072418700	3.7609e-06
2.62074e-06	0.00357589766757235700	3.83611e-06
2.68879e-06	0.00364747025820201820	3.91284e-06
2.75858e-06	0.00372047329092044500	3.99109e-06
2.83017e-06	0.00379494042318855000	4.07092e-06
2.90360e-06	0.00387089409331360800	4.15233e-06
2.97892e-06	0.00394837356833334900	4.23538e-06
3.05617e-06	0.00402740128655504900	4.32009e-06
3.13541e-06	0.00410801090543962000	4.40649e-06
3.21668e-06	0.00419023608244797200	4.49462e-06
3.30003e-06	0.00427410486546420100	4.58451e-06
3.38553e-06	0.00435965091194921800	4.6762e-06
3.47322e-06	0.00444691348894075450	4.76973e-06
3.56316e-06	0.00453592625389972100	4.86512e-06
3.65540e-06	0.00462671725471021400	4.96242e-06
3.75001e-06	0.00471932575840996100	5.06167e-06
3.84705e-06	0.00481378542245987500	5.1629e-06
3.94656e-06	0.00491014112347450700	5.26616e-06
4.04863e-06	0.00500842090933795000	5.37149e-06
4.15331e-06	0.00510867526624157100	5.47892e-06
4.26067e-06	0.00521093224206946500	5.58849e-06
4.37078e-06	0.00531523671343618000	5.70026e-06
4.48371e-06	0.00542162794737944800	5.81427e-06
4.59952e-06	0.00553015082051381800	5.93055e-06
4.71829e-06	0.00564082216156974650	6.04917e-06
4.84010e-06	0.00575374294292996850	6.17015e-06
4.96502e-06	0.00586896365078585400	6.29355e-06
5.09313e-06	0.00598642818936921500	6.41942e-06
5.22452e-06	0.00610624875021642600	6.54781e-06
5.35925e-06	0.00622848142909567300	6.67877e-06
5.49743e-06	0.00635318232177514400	6.81234e-06
5.63912e-06	0.00648035142825483800	6.94859e-06
5.78444e-06	0.00661004484430294300	7.08756e-06
5.93345e-06	0.00674237476145583100	7.22931e-06
6.08627e-06	0.00687734117971350500	7.3739e-06
6.24298e-06	0.00701500019484414800	7.52138e-06
6.40368e-06	0.00715546399838413700	7.67181e-06
6.56847e-06	0.00729867649456528300	7.82524e-06
6.73745e-06	0.00744480597069214900	7.98175e-06
6.91074e-06	0.00759379633099654500	8.14138e-06
7.08843e-06	0.00774581586278303500	8.30421e-06
7.27065e-06	0.00790092066181980400	8.47029e-06
7.45749e-06	0.00805905463233866400	8.6397e-06
7.64908e-06	0.00822038606164417900	8.81249e-06
7.84554e-06	0.00838497104550453200	8.98874e-06
8.04698e-06	0.00855280958391972700	9.16852e-06
8.25355e-06	0.00872401386842613400	9.35189e-06
8.46535e-06	0.00889869609056013000	9.53893e-06
8.68252e-06	0.00907680015455352600	9.7297e-06
8.90521e-06	0.00925855044347907000	9.9243e-06
9.13353e-06	0.00944389086156857900	1.01228e-05
9.36765e-06	0.00963293360035841900	1.03252e-05
9.60769e-06	0.00982579085138496700	1.05317e-05
9.85382e-06	0.01002251871041641400	1.07424e-05
1.01062e-05	0.01022317327322094300	1.09572e-05
1.03649e-05	0.01042781063556674000	1.11764e-05
1.06302e-05	0.01063659908475836900	1.13999e-05
1.09022e-05	0.01084953862079582900	1.16279e-05
1.11811e-05	0.01106674143521549000	1.18605e-05
1.14670e-05	0.01128831971955373200	1.20977e-05
1.17601e-05	0.01151432956957873900	1.23396e-05
1.20607e-05	0.01174482708105869600	1.25864e-05
1.23688e-05	0.01197998054129816500	1.28381e-05
1.26847e-05	0.01221984604606533500	1.30949e-05
1.30086e-05	0.01246447969112839000	1.33568e-05
1.33406e-05	0.01271404976379189200	1.36239e-05
1.36810e-05	0.01296861235982402700	1.38964e-05
1.40300e-05	0.01322827967076117300	1.41743e-05
1.43878e-05	0.01349310779237151100	1.44578e-05
1.47545e-05	0.01376326501195960400	1.4747e-05
1.51305e-05	0.01403880742529364000	1.50419e-05
1.55160e-05	0.01431990331967817600	1.53428e-05
1.59112e-05	0.01460660879088140400	1.56496e-05
1.63162e-05	0.01489909212620788200	1.59626e-05
1.67315e-05	0.01519740942142579900	1.62819e-05
1.71572e-05	0.01550167286807152400	1.66075e-05
1.75936e-05	0.01581205075344962000	1.69396e-05
1.80409e-05	0.01612865526909646600	1.72784e-05
1.84995e-05	0.01645159860654842700	1.7624e-05
1.89696e-05	0.01678099295734188400	1.79765e-05
1.94514e-05	0.01711700660878139400	1.8336e-05
1.99453e-05	0.01745975175240333300	1.87027e-05
2.04516e-05	0.01780934057974407200	1.90768e-05
2.09706e-05	0.01816594137810816800	1.94583e-05
2.15025e-05	0.01852972243480019400	1.98475e-05
2.20477e-05	0.01890073984558832500	2.02444e-05
2.26066e-05	0.01927921799354531700	2.06493e-05
2.31795e-05	0.01966526907020754000	2.10623e-05
2.37666e-05	0.02005900526711136600	2.14836e-05
2.43685e-05	0.02046070706309773000	2.19132e-05
2.49853e-05	0.02087037445816663400	2.23515e-05
2.56175e-05	0.02128828793115901400	2.27985e-05
2.62655e-05	0.02171461576937942400	2.32545e-05
2.69297e-05	0.02214941406859606200	2.37196e-05
2.76104e-05	0.02259296330764985000	2.4194e-05
2.83080e-05	0.02304537567807717000	2.46779e-05
2.90231e-05	0.02350687556295077000	2.51714e-05
2.97559e-05	0.02397757515380701700	2.56749e-05
3.05069e-05	0.02445775492948685000	2.61884e-05
3.12766e-05	0.02494752708152664400	2.67121e-05
3.20655e-05	0.02544711599299914400	2.72464e-05
3.28739e-05	0.02595668995120891000	2.77913e-05
3.37024e-05	0.02647652943499688000	2.83471e-05
3.45514e-05	0.02700674663589942500	2.89141e-05
3.54216e-05	0.02754756593698929000	2.94923e-05
3.63133e-05	0.02809921172133923400	3.00822e-05
3.72270e-05	0.02866196446779017600	3.06838e-05
3.81635e-05	0.02923593636787850300	3.12975e-05
3.91230e-05	0.02982146399621333000	3.19235e-05
4.01064e-05	0.03041865954433103000	3.25619e-05
4.11141e-05	0.03102785958684072000	3.32132e-05
4.21466e-05	0.03164923241104697400	3.38774e-05
4.32047e-05	0.03228311459155891000	3.4555e-05
4.42889e-05	0.03292961831991288000	3.52461e-05
4.53999e-05	0.03358913626648623000	3.5951e-05
4.65383e-05	0.03426183671858349000	3.667e-05
4.77047e-05	0.03494805625081379000	3.74034e-05
4.88999e-05	0.03564796315048170000	3.81515e-05
5.01246e-05	0.03636189399219633000	3.89145e-05
5.13794e-05	0.03709018535056681000	3.96928e-05
5.26650e-05	0.03783300551289769000	4.04867e-05
5.39823e-05	0.03859074714956629000	4.12964e-05
5.53320e-05	0.03936369073941354000	4.21223e-05
5.67149e-05	0.04015206066551217600	4.29648e-05
5.81317e-05	0.04095624959823953000	4.38241e-05
5.95832e-05	0.04177659411220470000	4.47005e-05
6.10704e-05	0.04261331859048044700	4.55946e-05
6.25940e-05	0.04346681570344407000	4.65065e-05
6.41550e-05	0.04433742202570470400	4.74366e-05
6.57542e-05	0.04522547413187147000	4.83853e-05
6.73926e-05	0.04613136469232165000	4.9353e-05
6.90710e-05	0.04705537418589621000	5.03401e-05
7.07905e-05	0.04799783918720426000	5.13469e-05
7.25520e-05	0.04895926455815948000	5.23738e-05
7.43565e-05	0.04993993077760280000	5.34213e-05
7.62050e-05	0.05094023051591154000	5.44897e-05
7.80987e-05	0.05196061253923118400	5.55795e-05
8.00385e-05	0.05300141342217086000	5.66911e-05
8.20256e-05	0.05406302583510788000	5.78249e-05
8.40611e-05	0.05514601073572410000	5.89814e-05
8.61461e-05	0.05625059250709228000	6.01611e-05
8.82819e-05	0.05737755648996703000	6.13643e-05
9.04695e-05	0.05852695878011654000	6.25916e-05
9.27104e-05	0.05969936033522267000	6.38434e-05
9.50056e-05	0.06089476115528543600	6.51203e-05
9.73565e-05	0.06211484411335043600	6.64227e-05
9.97645e-05	0.06335904825173580000	6.77511e-05
0.000102231	0.06462849548580527000	6.91061e-05
0.000104757	0.06592318581555884000	7.04883e-05
0.000107344	0.06724368019867838000	7.1898e-05
0.000109994	0.06859053959284576000	7.3336e-05
0.000112708	0.06996488591342473000	7.48027e-05
0.000115487	0.07136615820273338000	7.62988e-05
0.000118334	0.07279603933381740000	7.78247e-05
0.000121249	0.07425452930667670000	7.93812e-05
0.000124235	0.07574162812131133000	8.09689e-05
0.000127292	0.07725901865076687000	8.25882e-05
0.000130423	0.07880670089504335000	8.424e-05
0.000133630	0.08038579676950447000	8.59248e-05
0.000136913	0.08199630627415028000	8.76433e-05
0.000140276	0.08363879036666260000	8.93962e-05
0.000143719	0.08531437096240520000	9.11841e-05
0.000147245	0.08702360901905994000	9.30078e-05
0.000150856	0.08876706549430867000	9.48679e-05
0.000154553	0.09054586230351516000	9.67653e-05
0.000158339	0.09235999944667939000	9.87006e-05
0.000162215	0.09421003788148324000	0.000100675
0.000166184	0.09609766048097230000	0.000102688
0.000170248	0.09802286724514658000	0.000104742
0.000174410	0.09998678008936984000	0.000106837
0.000178670	0.10198995997132390000	0.000108973
0.000183032	0.10403352880637254000	0.000111153
0.000187498	0.10611804755219761000	0.000113376
0.000192071	0.10824407716648099000	0.000115643
0.000196752	0.11041330052226828000	0.000117956
0.000201545	0.11262515666187760000	0.000120315
0.000206451	0.11488188941603644000	0.000122722
0.000211474	0.11718405974242667000	0.000125176
0.000216616	0.11953166764104829000	0.00012768
0.000221881	0.12192695694262877000	0.000130233
0.000227270	0.12436992764716810000	0.000132838
0.000232786	0.12686170167003002000	0.000135495
0.000238434	0.12940396188426020000	0.000138205
0.000244214	0.13199670828985857000	0.000140969
0.000250131	0.13464162375987070000	0.000143788
0.000256188	0.13733983020966042000	0.000146664
0.000262388	0.14009188859690958000	0.000149597
0.000268734	0.14289892083698189000	0.000152589
0.000275229	0.14576260980292294000	0.000155641
0.000281877	0.14868351645241465000	0.000158754
0.000288682	0.15166276270082070000	0.000161929
0.000295646	0.15470203142118674000	0.000165167
0.000302774	0.15780188357119465000	0.000168471
0.000310068	0.16096400202389000000	0.00017184
0.000317534	0.16418950869463653000	0.000175277
0.000325175	0.16748008645647990000	0.000178782
0.000332994	0.17083629626710192000	0.000182358
0.000340996	0.17425982099954820000	0.000186005
0.000349185	0.17775178256918250000	0.000189725
0.000357564	0.18131386384905043000	0.00019352
0.000366140	0.18494774771219757000	0.00019739
0.000374914	0.18865399511630582000	0.000201338
0.000383893	0.19243484989210266000	0.000205365
0.000393081	0.19629143395495180000	0.000209472
0.000402482	0.20022543017789882000	0.000213662
0.000412101	0.20423796047630752000	0.000217935
0.000421943	0.20833126868090535000	0.000222293
0.000432013	0.21250647670705608000	0.000226739
0.000442316	0.21676526742780525000	0.000231274
0.000452857	0.22110988467388037000	0.0002359
0.000463641	0.22554088940296330000	0.000240618
0.000474674	0.23006164736114530000	0.00024543
0.000485961	0.23467215854842635000	0.000250339
0.000496673	0.23937578871089760000	0.000255345
0.000583349	0.33334461478917715000	0.000355345
0.000659893	0.42733812300545904000	0.000455345
0.000739860	0.52134902090987870000	0.000555345
0.000824748	0.61537618658707270000	0.000655345
0.000914861	0.70941513237558600000	0.000755345
0.001010180	0.80347090689455510000	0.000855345
0.001110590	0.89753229099034320000	0.000955345
0.001215920	0.99161050381658710000	0.00105535
0.001326000	1.08569432621965000000	0.00115535
0.001440670	1.17978936777635000000	0.00125535
0.001559760	1.27389562848668740000	0.00135535
0.001683120	1.36800749877384350000	0.00145535
0.001810590	1.46213058821463720000	0.00155535
0.001942040	1.55625928723224940000	0.00165535
0.002077330	1.65039920540349900000	0.00175535
0.002216350	1.74454473315156730000	0.00185535
0.002358980	1.83870148005327300000	0.00195535
0.002505100	1.93286383653179740000	0.00205535
0.002654600	2.02703180258714030000	0.00215535
0.002807400	2.12120537821930230000	0.00225535
0.002963400	2.21539017300510150000	0.00235535
0.003122500	2.30958057736771900000	0.00245535
0.003284620	2.40377659130715540000	0.00255535
0.003449670	2.49797821482341100000	0.00265535
0.003617590	2.59219105749330360000	0.00275535
0.003788290	2.68640390016319600000	0.00285535
0.003961700	2.78062796198672600000	0.00295535
0.004137750	2.87485202381025570000	0.00305535
0.004316380	2.96908730478742330000	0.00315535
0.004497530	3.06332258576459050000	0.00325535
0.004681120	3.15756908589539530000	0.00335535
0.004867100	3.25182119560301870000	0.00345535
0.005055420	3.34607330531064200000	0.00355535
0.005246020	3.44033663417190300000	0.00365535
0.005438850	3.53459996303316350000	0.00375535
0.005633850	3.62887451104806200000	0.00385535
0.005830970	3.72314905906296000000	0.00395535
0.006030180	3.81742921665467700000	0.00405535
0.006231410	3.91171498382321260000	0.00415535
0.006434630	4.00600636056856700000	0.00425535
0.006639790	4.10030334689074000000	0.00435535
0.006846840	4.19460594278973200000	0.00445535
0.007055760	4.28890853868872300000	0.00455535
0.007266490	4.38322235374135300000	0.00465535
0.007479000	4.47753616879398000000	0.00475535
0.007693250	4.57185559342342900000	0.00485535
0.007909210	4.66617501805287650000	0.00495535
0.008126830	4.76050566183596100000	0.00505535
0.008346090	4.85483630561904600000	0.00515535
0.008566940	4.94917255897894900000	0.00525535
0.008789360	5.04351442191567200000	0.00535535
0.009013320	5.13786189442921300000	0.00545535
0.009238780	5.23220936694275450000	0.00555535
0.009465710	5.32656244903311500000	0.00565535
0.009694090	5.42092114070029300000	0.00575535
0.009923880	5.51527983236747100000	0.00585535
0.010155100	5.60963291445783200000	0.00595535
0.010387600	5.70404209231637900000	0.00605535
0.010621400	5.79839517440673700000	0.00615535
0.010856600	5.89274825649709700000	0.00625535
0.011093100	5.98715743435564500000	0.00635535
0.011330800	6.08151051644600500000	0.00645535
0.011569700	6.17591969430455100000	0.00655535
0.011809800	6.27032887216309700000	0.00665535
0.012051200	6.36468195425345800000	0.00675535
0.012293600	6.45909113211200500000	0.00685535
0.012537300	6.55350030997055100000	0.00695535
0.012782000	6.64790948782909700000	0.00705535
0.013027800	6.74231866568764500000	0.00715535
0.013274700	6.83672784354619100000	0.00725535
0.013522700	6.93113702140473700000	0.00735535
0.013771700	7.02554619926328400000	0.00745535
0.014021700	7.12001147289001900000	0.00755535
0.014272600	7.21442065074856500000	0.00765535
0.014524600	7.30882982860711100000	0.00775535
0.014777600	7.40329510223384500000	0.00785535
0.015031400	7.49770428009239250000	0.00795535
0.015286200	7.59216955371912500000	0.00805535
0.015541900	7.68657873157767200000	0.00815535
0.015798500	7.78104400520440600000	0.00825535
0.016056000	7.87550927883113900000	0.00835535
0.016314300	7.96991845668968700000	0.00845535
0.016573400	8.06438373031642000000	0.00855535
0.016833400	8.15884900394315300000	0.00865535
0.017094200	8.25331427756988700000	0.00875535
0.017355800	8.34777955119662000000	0.00885535
0.017618200	8.44224482482335500000	0.00895535
0.017881300	8.53671009845008800000	0.00905535
0.018145200	8.63117537207682200000	0.00915535
0.018409900	8.72564064570355500000	0.00925535
0.018675200	8.82016201509847500000	0.00935535
0.018941300	8.91462728872520800000	0.00945535
0.019208100	9.00909256235194200000	0.00955535
0.019475600	9.10361393174686400000	0.00965535
0.019743700	9.19807920537359700000	0.00975535
0.020012500	9.29260057476851700000	0.00985535
0.020282000	9.38706584839525000000	0.00995535
0.020552100	9.48158721779017100000	0.0100553
0.020822800	9.57605249141690600000	0.0101553
0.021094200	9.67057386081182600000	0.0102553
0.021366200	9.76509523020674500000	0.0103553
0.021638700	9.85961659960166700000	0.0104553
0.021911900	9.95408187322840000000	0.0105553
0.022185600	10.0486032426233220000	0.0106553
0.022459900	10.1431246120182400000	0.0107553
0.022734800	10.2376459814131630000	0.0108553
0.023010200	10.3321673508080810000	0.0109553
0.023286200	10.4266887202030030000	0.0110553
0.023562700	10.5212100895979240000	0.0111553
0.023839700	10.6157314589928440000	0.0112553
0.024117200	10.7103089241559510000	0.0113553
0.024395200	10.8048302935508720000	0.0114553
0.024673800	10.8993516629457920000	0.0115553
0.024952800	10.9938730323407140000	0.0116553
0.025232300	11.0884504975038200000	0.0117553
0.025512300	11.1829718668987410000	0.0118553
0.025792700	11.2775493320618470000	0.0119553
0.026073600	11.3720707014567690000	0.0120553
0.026355000	11.4666481666198760000	0.0121553
0.026636800	11.5611695360147970000	0.0122553
0.026919000	11.6557470011779040000	0.0123553
0.027201700	11.7502683705728240000	0.0124553
0.027484800	11.8448458357359310000	0.0125553
0.027768300	11.9394233008990400000	0.0126553
0.028052200	12.0340007660621460000	0.0127553
0.028336600	12.1285221354570680000	0.0128553
0.028621300	12.2230996006201740000	0.0129553
0.028906400	12.3176770657832830000	0.0130553
0.029192000	12.4122545309463900000	0.0131553
0.029477900	12.5068319961094950000	0.0132553
0.029764100	12.6014094612726040000	0.0133553
0.030050800	12.6959869264357120000	0.0134553
0.030337800	12.7905643915988200000	0.0135553
0.030625200	12.8851418567619260000	0.0136553
0.030912900	12.9797193219250340000	0.0137553
0.031201000	13.0743528828563280000	0.0138553
0.031489400	13.1689303480194350000	0.0139553
0.031778200	13.2635078131825420000	0.0140553
0.032067300	13.3580852783456510000	0.0141553
0.032356800	13.4527188392769460000	0.0142553
0.032646500	13.5472963044400510000	0.0143553
0.032936600	13.6418737696031600000	0.0144553
0.033227100	13.7365073305344540000	0.0145553
0.033517800	13.8310847956975620000	0.0146553
0.033808900	13.9257183566288560000	0.0147553
0.034100200	14.0202958217919630000	0.0148553
0.034391900	14.1149293827232580000	0.0149553
0.034683900	14.2095629436545520000	0.0150553
0.034976200	14.3041404088176600000	0.0151553
0.035268700	14.3987739697489530000	0.0152553
0.035561600	14.4934075306802460000	0.0153553
0.035854700	14.5880410916115420000	0.0154553
0.036148200	14.6826185567746500000	0.0155553
0.036441900	14.7772521177059430000	0.0156553
0.036735900	14.8718856786372380000	0.0157553
0.037030200	14.9665192395685320000	0.0158553
0.037324800	15.0611528004998280000	0.0159553
0.037619600	15.1557863614311220000	0.0160553
0.037914700	15.2504199223624150000	0.0161553
0.038210100	15.3450534832937090000	0.0162553
0.038505700	15.4396870442250030000	0.0163553
0.038801600	15.5343206051562980000	0.0164553
0.039097800	15.6289541660875920000	0.0165553
0.039394200	15.7235877270188860000	0.0166553
0.039690900	15.8182212879501820000	0.0167553
0.039987900	15.9129109446496620000	0.0168553
0.040285100	16.0075445055809560000	0.0169553
0.040582500	16.1021780665122520000	0.0170553
0.040880200	16.1968677232117300000	0.0171553
0.041178200	16.2915012841430280000	0.0172553
0.041476400	16.3861348450743200000	0.0173553
0.041774800	16.4808245017738030000	0.0174553
0.042073500	16.5754580627050960000	0.0175553
0.042372500	16.6701477194045800000	0.0176553
0.042671600	16.7647812803358700000	0.0177553
0.042971100	16.8594709370353540000	0.0178553
0.043270700	16.9541044979666470000	0.0179553
0.043570600	17.0487941546661300000	0.0180553
0.043870800	17.1434277155974220000	0.0181553
0.044171200	17.2381173722969050000	0.0182553
0.044471800	17.3328070289963850000	0.0183553
0.044772600	17.4274405899276800000	0.0184553
0.045073700	17.5221302466271600000	0.0185553
0.045375000	17.6168199033266430000	0.0186553
0.045676600	17.7115095600261230000	0.0187553
0.045978400	17.8061431209574200000	0.0188553
0.046280400	17.9008327776569000000	0.0189553
0.046582700	17.9955224343563800000	0.0190553
0.046885200	18.0902120910558600000	0.0191553
0.047187900	18.1849017477553400000	0.0192553
0.047490900	18.2795914044548230000	0.0193553
0.047794100	18.3742810611543030000	0.0194553
0.048097500	18.4689707178537860000	0.0195553
0.048401100	18.5636603745532650000	0.0196553
0.048705000	18.6583500312527500000	0.0197553
0.049009100	18.7530396879522280000	0.0198553
0.049313500	18.8477293446517070000	0.0199553
0.049618100	18.9424750971193800000	0.0200553
0.049922900	19.0371647538188600000	0.0201553
0.050227900	19.1318544105183430000	0.0202553
0.050533200	19.2265440672178230000	0.0203553
0.050838800	19.3212337239173020000	0.0204553
0.051144500	19.4159794763849720000	0.0205553
0.051450500	19.5106691330844520000	0.0206553
0.051756700	19.6053587897839350000	0.0207553
0.052063200	19.7001045422516000000	0.0208553
0.052369900	19.7947941989510800000	0.0209553
0.052676800	19.8895399514187500000	0.0210553
0.052984000	19.9842296081182300000	0.0211553
0.053291400	20.0789192648177170000	0.0212553
0.053599000	20.1736650172853840000	0.0213553
0.053906900	20.2684107697530500000	0.0214553
0.054215000	20.3631004264525330000	0.0215553
0.054523400	20.4578461789202000000	0.0216553
0.054832000	20.5525358356196800000	0.0217553
0.055140900	20.6472815880873500000	0.0218553
0.055450000	20.7420273405550160000	0.0219553
0.055759300	20.8367169972544950000	0.0220553
0.056068900	20.9314627497221700000	0.0221553
0.056378800	21.0262085021898350000	0.0222553
0.056688800	21.1208981588893150000	0.0223553
0.056999200	21.2156439113569850000	0.0224553
0.057309800	21.3103896638246500000	0.0225553
0.057620600	21.4051354162923180000	0.0226553
0.057931700	21.4998811687599880000	0.0227553
0.058243100	21.5946269212276580000	0.0228553
0.058554700	21.6893165779271370000	0.0229553
0.058866500	21.7840623303948070000	0.0230553
0.059178700	21.8788080828624740000	0.0231553
0.059491100	21.9735538353301400000	0.0232553
0.059803700	22.0682995877978070000	0.0233553
0.060116600	22.1630453402654770000	0.0234553
0.060429800	22.2577910927331470000	0.0235553
0.060743300	22.3525368452008130000	0.0236553
0.061057000	22.4473386934366700000	0.0237553
0.061371000	22.5420844459043370000	0.0238553
0.061685200	22.6368301983720030000	0.0239553
0.061999800	22.7315759508396700000	0.0240553
0.062314600	22.8263217033073430000	0.0241553
0.062629700	22.9210674557750100000	0.0242553
0.062945000	23.0158693040108630000	0.0243553
0.063260700	23.1106150564785300000	0.0244553
0.063576600	23.2053608089462000000	0.0245553
0.063892800	23.3001065614138660000	0.0246553
0.064209300	23.3949084096497230000	0.0247553
0.064526100	23.4896541621173930000	0.0248553
0.064843200	23.5843999145850600000	0.0249553
0.065160600	23.6792017628209130000	0.0250553
0.065478200	23.7739475152885800000	0.0251553
0.065796200	23.8687493635244400000	0.0252553
0.066114500	23.9634951159921070000	0.0253553
0.066433000	24.0582969642279600000	0.0254553
0.066751900	24.1530427166956270000	0.0255553
0.067071100	24.2478445649314840000	0.0256553
0.067390600	24.3425903173991540000	0.0257553
0.067710400	24.4373921656350070000	0.0258553
0.068030500	24.5321379181026740000	0.0259553
0.068350900	24.6269397663385270000	0.0260553
0.068671600	24.7217416145743880000	0.0261553
0.068992600	24.8164873670420540000	0.0262553
0.069314000	24.9112892152779080000	0.0263553
0.069635700	25.0060910635137600000	0.0264553
0.069957700	25.1008368159814270000	0.0265553
0.070280100	25.1956386642172880000	0.0266553
0.070602700	25.2904405124531400000	0.0267553
0.070925700	25.3852423606889950000	0.0268553
0.071249100	25.4800442089248520000	0.0269553
0.071572800	25.5747899613925200000	0.0270553
0.071896800	25.6695918096283760000	0.0271553
0.072221100	25.7643936578642300000	0.0272553
0.072545800	25.8591955061000820000	0.0273553
0.072870900	25.9539973543359400000	0.0274553
0.073196300	26.0487992025717930000	0.0275553
0.073522000	26.1436010508076460000	0.0276553
0.073848100	26.2384028990435030000	0.0277553
0.074174600	26.3332047472793600000	0.0278553
0.074501400	26.4280065955152140000	0.0279553
0.074828600	26.5228084437510670000	0.0280553
0.075156100	26.6176102919869240000	0.0281553
0.075484000	26.7124121402227780000	0.0282553
0.075812300	26.8072139884586350000	0.0283553
0.076140900	26.9020158366944900000	0.0284553
0.076470000	26.9968176849303450000	0.0285553
0.076799400	27.0916756289343860000	0.0286553
0.077129100	27.1864774771702400000	0.0287553
0.077459300	27.2812793254060930000	0.0288553
0.077789800	27.3760811736419530000	0.0289553
0.078120800	27.4708830218778070000	0.0290553
0.078452100	27.5657409658818470000	0.0291553
0.078783800	27.6605428141177040000	0.0292553
0.079115900	27.7553446623535580000	0.0293553
0.079448400	27.8502026063576000000	0.0294553
0.079781300	27.9450044545934500000	0.0295553
0.080114700	28.0398063028293100000	0.0296553
0.080448400	28.1346642468333500000	0.0297553
0.080782500	28.2294660950692060000	0.0298553
0.081117100	28.3243240390732500000	0.0299553
0.081452000	28.4191258873091040000	0.0300553
0.081787400	28.5139838313131440000	0.0301553
0.082123200	28.6087856795490000000	0.0302553
0.082459400	28.7036436235530400000	0.0303553
0.082796000	28.7984454717888950000	0.0304553
0.083133100	28.8933034157929400000	0.0305553
0.083470600	28.9881052640287930000	0.0306553
0.083808600	29.0829632080328330000	0.0307553
0.084146900	29.1777650562686940000	0.0308553
0.084485700	29.2726230002727340000	0.0309553
0.084825000	29.3674809442767750000	0.0310553
0.085164700	29.4622827925126300000	0.0311553
0.085504800	29.5571407365166720000	0.0312553
0.085845500	29.6519986805207130000	0.0313553
0.086186500	29.7468566245247570000	0.0314553
0.086528000	29.8416584727606100000	0.0315553
0.086870000	29.9365164167646500000	0.0316553
0.087212400	30.0313743607686940000	0.0317553
0.087555300	30.1262323047727350000	0.0318553
0.087898700	30.2210341530085900000	0.0319553
0.088242500	30.3158920970126320000	0.0320553
0.088586900	30.4107500410166760000	0.0321553
0.088931600	30.5056079850207170000	0.0322553
0.089276900	30.6004659290247600000	0.0323553
0.089622700	30.6953238730288000000	0.0324553
0.089968900	30.7901818170328420000	0.0325553
0.090315600	30.8850397610368860000	0.0326553
0.090662900	30.9798977050409260000	0.0327553
0.091010600	31.0747556490449670000	0.0328553
0.091358800	31.1696135930490100000	0.0329553
0.091707500	31.2644715370530500000	0.0330553
0.092056700	31.3593294810570950000	0.0331553
0.092406400	31.4541874250611360000	0.0332553
0.092756700	31.5490453690651760000	0.0333553
0.093107400	31.6439033130692200000	0.0334553
0.093458700	31.7387612570732600000	0.0335553
0.093810400	31.8336192010773000000	0.0336553
0.094162700	31.9284771450813450000	0.0337553
0.094515600	32.0233911848535700000	0.0338553
0.094868900	32.1182491288576200000	0.0339553
0.095222800	32.2131070728616600000	0.0340553
0.095577200	32.3079650168657000000	0.0341553
0.095932100	32.4028790566379300000	0.0342553
0.096287600	32.4977370006419700000	0.0343553
0.096643600	32.5925949446460100000	0.0344553
0.097000200	32.6874528886500500000	0.0345553
0.097357300	32.7823669284222850000	0.0346553
0.097715000	32.8772248724263250000	0.0347553
0.098073200	32.9721389121985500000	0.0348553
0.098432000	33.0669968562025900000	0.0349553
0.098791300	33.1618548002066300000	0.0350553
0.099151200	33.2567688399788600000	0.0351553
0.099511700	33.3516267839829000000	0.0352553
0.099872700	33.4465408237551360000	0.0353553
0.100234000	33.5413987677591760000	0.0354553
0.100596000	33.6363128075314040000	0.0355553
0.100959000	33.7311707515354440000	0.0356553
0.101323000	33.8260847913076800000	0.0357553
0.101686000	33.9209427353117200000	0.0358553
0.102051000	34.0158567750839500000	0.0359553
0.102416000	34.1107147190879900000	0.0360553
0.102782000	34.2056287588602200000	0.0361553
0.103148000	34.3005427986324500000	0.0362553
0.103515000	34.3954007426364900000	0.0363553
0.103882000	34.4903147824087200000	0.0364553
0.104250000	34.5852288221809450000	0.0365553
0.104619000	34.6800867661849850000	0.0366553
0.104988000	34.7750008059572200000	0.0367553
0.105358000	34.8699148457294500000	0.0368553
0.105729000	34.9647727897334900000	0.0369553
0.106100000	35.0596868295057200000	0.0370553
0.106472000	35.1546008692779400000	0.0371553
0.106844000	35.2495149090501800000	0.0372553
0.107217000	35.3444289488224040000	0.0373553
0.107591000	35.4392868928264450000	0.0374553
0.107965000	35.5342009325986700000	0.0375553
0.108340000	35.6291149723709100000	0.0376553
0.108715000	35.7240290121431300000	0.0377553
0.109091000	35.8189430519153600000	0.0378553
0.109468000	35.9138570916875900000	0.0379553
0.109846000	36.0087711314598240000	0.0380553
0.110224000	36.1036851712320440000	0.0381553
0.110603000	36.1985992110042800000	0.0382553
0.110982000	36.2935132507765060000	0.0383553
0.111362000	36.3884272905487300000	0.0384553
0.111743000	36.4833413303209600000	0.0385553
0.112124000	36.5782553700931900000	0.0386553
0.112506000	36.6731694098654200000	0.0387553
0.112889000	36.7680834496376400000	0.0388553
0.113272000	36.8629974894098800000	0.0389553
0.113656000	36.9579115291821050000	0.0390553
0.114041000	37.0528255689543400000	0.0391553
0.114427000	37.1477396087265600000	0.0392553
0.114813000	37.2427097442669800000	0.0393553
0.115199000	37.3376237840392000000	0.0394553
0.115587000	37.4325378238114400000	0.0395553
0.115975000	37.5274518635836640000	0.0396553
0.116364000	37.6223659033559000000	0.0397553
0.116754000	37.7173360388963100000	0.0398553
0.117144000	37.8122500786685400000	0.0399553
0.117535000	37.9071641184407700000	0.0400553
0.117926000	38.0021342539811800000	0.0401553
0.118319000	38.0970482937534100000	0.0402553
0.118712000	38.1919623335256400000	0.0403553
0.119106000	38.2869324690660500000	0.0404553
0.119500000	38.3818465088382900000	0.0405553
0.119895000	38.4767605486105140000	0.0406553
0.120291000	38.5717306841509300000	0.0407553
0.120688000	38.6666447239231600000	0.0408553
0.121086000	38.7616148594635700000	0.0409553
0.121484000	38.8565288992358050000	0.0410553
0.121883000	38.9514990347762200000	0.0411553
0.122282000	39.0464130745484500000	0.0412553
0.122682000	39.1413832100888600000	0.0413553
0.123084000	39.2362972498610960000	0.0414553
0.123485000	39.3312673854015000000	0.0415553
0.123888000	39.4261814251737400000	0.0416553
0.124291000	39.5211515607141500000	0.0417553
0.124695000	39.6160656004863800000	0.0418553
0.125100000	39.7110357360267940000	0.0419553
0.125506000	39.8060058715672160000	0.0420553
0.125912000	39.9009199113394360000	0.0421553
0.126319000	39.9958900468798600000	0.0422553
0.126727000	40.0908601824202700000	0.0423553
0.127136000	40.1857742221925100000	0.0424553
0.127545000	40.2807443577329200000	0.0425553
0.127955000	40.3757144932733300000	0.0426553
0.128366000	40.4706846288137400000	0.0427553
0.128778000	40.5655986685859800000	0.0428553
0.129190000	40.6605688041264000000	0.0429553
0.129604000	40.7555389396668100000	0.0430553
0.130018000	40.8505090752072200000	0.0431553
0.130433000	40.9454792107476350000	0.0432553
0.130848000	41.0404493462880600000	0.0433553
0.131265000	41.1353633860602840000	0.0434553
0.131682000	41.2303335216007060000	0.0435553
0.132100000	41.3253036571411100000	0.0436553
0.132519000	41.4202737926815300000	0.0437553
0.132938000	41.5152439282219500000	0.0438553
0.133359000	41.6102140637623600000	0.0439553
0.133780000	41.7051841993027800000	0.0440553
0.134202000	41.8001543348431900000	0.0441553
0.134625000	41.8951244703836140000	0.0442553
0.135049000	41.9900946059240300000	0.0443553
0.135473000	42.0850647414644400000	0.0444553
0.135899000	42.1800348770048600000	0.0445553
0.136325000	42.2750050125452700000	0.0446553
0.136752000	42.3699751480856860000	0.0447553
0.137180000	42.4649452836261000000	0.0448553
0.137608000	42.5599715149347000000	0.0449553
0.138038000	42.6549416504751200000	0.0450553
0.138468000	42.7499117860155400000	0.0451553
0.138899000	42.8448819215559500000	0.0452553
0.139331000	42.9398520570963700000	0.0453553
0.139764000	43.0348782884049700000	0.0454553
0.140198000	43.1298484239453900000	0.0455553
0.140632000	43.2248185594858040000	0.0456553
0.141067000	43.3197886950262200000	0.0457553
0.141504000	43.4148149263348200000	0.0458553
0.141941000	43.5097850618752350000	0.0459553
0.142379000	43.6047551974156560000	0.0460553
0.142817000	43.6997253329560700000	0.0461553
0.143257000	43.7947515642646700000	0.0462553
0.143698000	43.8897216998050900000	0.0463553
0.144139000	43.9847479311136900000	0.0464553
0.144581000	44.0797180666541000000	0.0465553
0.145024000	44.1746882021945200000	0.0466553
0.145468000	44.2697144335031250000	0.0467553
0.145913000	44.3646845690435300000	0.0468553
0.146359000	44.4597108003521400000	0.0469553
0.146806000	44.5546809358925600000	0.0470553
0.147253000	44.6497071672011600000	0.0471553
0.147702000	44.7446773027415800000	0.0472553
0.148151000	44.8397035340501800000	0.0473553
0.148601000	44.9346736695905950000	0.0474553
0.149052000	45.0296999008991960000	0.0475553
0.149504000	45.1247261322078050000	0.0476553
0.149957000	45.2196962677482200000	0.0477553
0.150411000	45.3147224990568200000	0.0478553
0.150865000	45.4096926345972350000	0.0479553
0.151321000	45.5047188659058360000	0.0480553
0.151777000	45.5997450972144400000	0.0481553
0.152235000	45.6947152327548500000	0.0482553
0.152693000	45.7897414640634600000	0.0483553
0.153152000	45.8847676953720600000	0.0484553
0.153612000	45.9797939266806600000	0.0485553
0.154073000	46.0747640622210800000	0.0486553
0.154535000	46.1697902935296800000	0.0487553
0.154998000	46.2648165248382800000	0.0488553
0.155462000	46.3598427561468800000	0.0489553
0.155927000	46.4548128916873040000	0.0490553
0.156392000	46.5498391229959000000	0.0491553
0.156859000	46.6448653543045100000	0.0492553
0.157327000	46.7398915856131100000	0.0493553
0.157795000	46.8349178169217100000	0.0494553
0.158264000	46.9299440482303200000	0.0495553
0.158735000	47.0249702795389200000	0.0496553
0.159206000	47.1199965108475140000	0.0497553
0.159678000	47.2150227421561200000	0.0498553
0.160151000	47.3100489734647240000	0.0499553
0.160626000	47.4050752047733250000	0.0500553
0.161101000	47.5001014360819340000	0.0501553
0.161577000	47.5951276673905350000	0.0502553
0.162054000	47.6901538986991300000	0.0503553
0.162532000	47.7851801300077300000	0.0504553
0.163010000	47.8802063613163400000	0.0505553
0.163490000	47.9752325926249400000	0.0506553
0.163971000	48.0702588239335400000	0.0507553
0.164453000	48.1652850552421500000	0.0508553
0.164936000	48.2603112865507500000	0.0509553
0.165419000	48.3553375178593500000	0.0510553
0.165904000	48.4504198449361400000	0.0511553
0.166390000	48.5454460762447440000	0.0512553
0.166876000	48.6404723075533450000	0.0513553
0.167364000	48.7354985388619500000	0.0514553
0.167853000	48.8305247701705500000	0.0515553
0.168342000	48.9256070972473400000	0.0516553
0.168833000	49.0206333285559400000	0.0517553
0.169324000	49.1156595598645500000	0.0518553
0.169817000	49.2107418869413400000	0.0519553
0.170310000	49.3057681182499400000	0.0520553
0.170805000	49.4007943495585400000	0.0521553
0.171300000	49.4958766766353300000	0.0522553
0.171797000	49.5909029079439300000	0.0523553
0.172294000	49.6859291392525360000	0.0524553
0.172793000	49.7810114663293250000	0.0525553
0.173292000	49.8760376976379300000	0.0526553
0.173793000	49.9711200247147150000	0.0527553
0.174294000	50.0661462560233200000	0.0528553
0.174797000	50.1612285831001100000	0.0529553
0.175301000	50.2562548144087100000	0.0530553
0.175805000	50.3513371414855000000	0.0531553
0.176311000	50.4463633727941000000	0.0532553
0.176817000	50.5414456998709000000	0.0533553
0.177325000	50.6364719311794900000	0.0534553
0.177834000	50.7315542582562900000	0.0535553
0.178343000	50.8265804895648900000	0.0536553
0.178854000	50.9216628166416800000	0.0537553
0.179366000	51.0167451437184700000	0.0538553
0.179878000	51.1117713750270700000	0.0539553
0.180392000	51.2068537021038640000	0.0540553
0.180907000	51.3019360291806450000	0.0541553
0.181423000	51.3969622604892500000	0.0542553
0.181940000	51.4920445875660350000	0.0543553
0.182458000	51.5871269146428300000	0.0544553
0.182976000	51.6822092417196200000	0.0545553
0.183496000	51.7772354730282200000	0.0546553
0.184018000	51.8723178001050100000	0.0547553
0.184540000	51.9674001271818040000	0.0548553
0.185063000	52.0624824542585900000	0.0549553
0.185587000	52.1575647813353800000	0.0550553
0.186112000	52.2525910126439800000	0.0551553
0.186638000	52.3476733397207700000	0.0552553
0.187166000	52.4427556667975600000	0.0553553
0.187694000	52.5378379938743550000	0.0554553
0.188224000	52.6329203209511400000	0.0555553
0.188754000	52.7280026480279250000	0.0556553
0.189286000	52.8230849751047200000	0.0557553
0.189818000	52.9181673021815100000	0.0558553
0.190352000	53.0132496292583040000	0.0559553
0.190887000	53.1083319563350860000	0.0560553
0.191423000	53.2034142834118740000	0.0561553
0.191960000	53.2984966104886700000	0.0562553
0.192498000	53.3935789375654600000	0.0563553
0.193037000	53.4886612646422400000	0.0564553
0.193577000	53.5837435917190350000	0.0565553
0.194118000	53.6788259187958200000	0.0566553
0.194661000	53.7739082458726200000	0.0567553
0.195204000	53.8689905729494000000	0.0568553
0.195749000	53.9641289957943800000	0.0569553
0.196294000	54.0592113228711640000	0.0570553
0.196841000	54.1542936499479600000	0.0571553
0.197389000	54.2493759770247500000	0.0572553
0.197938000	54.3444583041015400000	0.0573553
0.198487000	54.4395967269465200000	0.0574553
0.199039000	54.5346790540233100000	0.0575553
0.199591000	54.6297613811000900000	0.0576553
0.200144000	54.7248437081768840000	0.0577553
0.200698000	54.8199821310218600000	0.0578553
0.201254000	54.9150644580986500000	0.0579553
0.201810000	55.0101467851754360000	0.0580553
0.202368000	55.1052852080204100000	0.0581553
0.202927000	55.2003675350972100000	0.0582553
0.203487000	55.2955059579421800000	0.0583553
0.204048000	55.3905882850189700000	0.0584553
0.204610000	55.4856706120957500000	0.0585553
0.205173000	55.5808090349407350000	0.0586553
0.205737000	55.6758913620175200000	0.0587553
0.206303000	55.7710297848625060000	0.0588553
0.206869000	55.8661121119392900000	0.0589553
0.207437000	55.9612505347842700000	0.0590553
0.208006000	56.0563328618610500000	0.0591553
0.208576000	56.1513029974014700000	0.0592553
0.209147000	56.2466658033191960000	0.0593553
0.209719000	56.3414676515550600000	0.0594553
0.210293000	56.4368304574727800000	0.0595553
0.210867000	56.5321932633905000000	0.0596553
0.211443000	56.6269951116263600000	0.0597553
0.212019000	56.7223579175440800000	0.0598553
0.212597000	56.8171597657799340000	0.0599553
0.213176000	56.9125225716976600000	0.0600553
0.213757000	57.0073244199335100000	0.0601553
0.214338000	57.1026872258512340000	0.0602553
0.214920000	57.1974890740870950000	0.0603553
0.215504000	57.2928518800048200000	0.0604553
0.216089000	57.3882146859225340000	0.0605553
0.216674000	57.4830165341583950000	0.0606553
0.217262000	57.5783793400761200000	0.0607553
0.217850000	57.6731811883119800000	0.0608553
0.218439000	57.7685439942297000000	0.0609553
0.219030000	57.8639068001474200000	0.0610553
0.219621000	57.9587086483832800000	0.0611553
0.220214000	58.0540714543010000000	0.0612553
0.220808000	58.1488733025368560000	0.0613553
0.221403000	58.2442361084545700000	0.0614553
0.221999000	58.3395989143723000000	0.0615553
0.222597000	58.4344007626081560000	0.0616553
0.223195000	58.5297635685258800000	0.0617553
0.223795000	58.6245654167617300000	0.0618553
0.224396000	58.7199282226794600000	0.0619553
0.224998000	58.8147300709153200000	0.0620553
0.225601000	58.9100928768330400000	0.0621553
0.226206000	59.0054556827507640000	0.0622553
0.226811000	59.1002575309866200000	0.0623553
0.227418000	59.1956203369043400000	0.0624553
0.228026000	59.2909831428220640000	0.0625553
0.228635000	59.3857849910579250000	0.0626553
0.229245000	59.4811477969756500000	0.0627553
0.229856000	59.5759496452114940000	0.0628553
0.230469000	59.6713124511292250000	0.0629553
0.231083000	59.7666752570469500000	0.0630553
0.231698000	59.8614771052828000000	0.0631553
0.232314000	59.9568399112005300000	0.0632553
0.232931000	60.0516417594363800000	0.0633553
0.233549000	60.1470045653541000000	0.0634553
0.234169000	60.2423673712718300000	0.0635553
0.234790000	60.3371692195076860000	0.0636553
0.235412000	60.4325320254254100000	0.0637553
0.236035000	60.5278948313431300000	0.0638553
0.236659000	60.6226966795789860000	0.0639553
0.237285000	60.7180594854967100000	0.0640553
0.237912000	60.8134222914144300000	0.0641553
0.238539000	60.9082241396502940000	0.0642553
0.239168000	61.0035869455680200000	0.0643553
0.239799000	61.0983887938038700000	0.0644553
0.240430000	61.1937515997215940000	0.0645553
0.241063000	61.2891144056393200000	0.0646553
0.241696000	61.3839162538751800000	0.0647553
0.242331000	61.4792790597928940000	0.0648553
0.242967000	61.5746418657106200000	0.0649553
0.243605000	61.6694437139464800000	0.0650553
0.244243000	61.7648065198642000000	0.0651553
0.244883000	61.8601693257819250000	0.0652553
0.245523000	61.9549711740177800000	0.0653553
0.246165000	62.0503339799355000000	0.0654553
0.246808000	62.1456967858532250000	0.0655553
0.247453000	62.2404986340890860000	0.0656553
0.248098000	62.3358614400068100000	0.0657553
0.248745000	62.4312242459245300000	0.0658553
0.249392000	62.5260260941603860000	0.0659553
0.250041000	62.6213889000781100000	0.0660553
0.250691000	62.7167517059958300000	0.0661553
0.251343000	62.8115535542316860000	0.0662553
0.251995000	62.9069163601494200000	0.0663553
0.252649000	63.0022791660671400000	0.0664553
0.253303000	63.0970810143029900000	0.0665553
0.253959000	63.1924438202207200000	0.0666553
0.254616000	63.2878066261384400000	0.0667553
0.255274000	63.3826084743742940000	0.0668553
0.255934000	63.4779712802920200000	0.0669553
0.256594000	63.5733340862097400000	0.0670553
0.257255000	63.6686968921274640000	0.0671553
0.257918000	63.7634987403633200000	0.0672553
0.258582000	63.8588615462810500000	0.0673553
0.259247000	63.9542243521987700000	0.0674553
0.259913000	64.0490262004346200000	0.0675553
0.260580000	64.1443890063523600000	0.0676553
0.261248000	64.2397518122700700000	0.0677553
0.261917000	64.3345536605059200000	0.0678553
0.262587000	64.4299164664236500000	0.0679553
0.263259000	64.5252792723413800000	0.0680553
0.263931000	64.6206420782591000000	0.0681553
0.264605000	64.7154439264949600000	0.0682553
0.265279000	64.8108067324126900000	0.0683553
0.265955000	64.9061695383304000000	0.0684553
0.266632000	65.0009713865662500000	0.0685553
0.267309000	65.0963341924839800000	0.0686553
0.267988000	65.1916969984017000000	0.0687553
0.268667000	65.2870598043194300000	0.0688553
0.269348000	65.3818616525552900000	0.0689553
0.270030000	65.4772244584730000000	0.0690553
0.270712000	65.5725872643907300000	0.0691553
0.271395000	65.6673891126266000000	0.0692553
0.272080000	65.7627519185443100000	0.0693553
0.272765000	65.8581147244620400000	0.0694553
0.273451000	65.9534775303797600000	0.0695553
0.274138000	66.0482793786156000000	0.0696553
0.274826000	66.1436421845333300000	0.0697553
0.275514000	66.2390049904510500000	0.0698553
0.276203000	66.3343677963687800000	0.0699553
0.276893000	66.4291696446046400000	0.0700553
0.277584000	66.5245324505223600000	0.0701553
0.278275000	66.6198952564400900000	0.0702553
0.278967000	66.7152580623578200000	0.0703553
0.279659000	66.8100599105936700000	0.0704553
0.280352000	66.9054227165114000000	0.0705553
0.281046000	67.0007855224291100000	0.0706553
0.281739000	67.0961483283468400000	0.0707553
0.282433000	67.1909501765826900000	0.0708553
0.283128000	67.2863129825004000000	0.0709553
0.283822000	67.3816757884181400000	0.0710553
0.284516000	67.4770385943358700000	0.0711553
0.285211000	67.5718404425717100000	0.0712553
0.285905000	67.6672032484894400000	0.0713553
0.286598000	67.7625660544071700000	0.0714553
0.287291000	67.8579288603248900000	0.0715553
0.287983000	67.9527307085607500000	0.0716553
0.288675000	68.0480935144784800000	0.0717553
0.283464000	68.1434563203962000000	0.0718553
0.291958000	69.0959624642096900000	0.0728553
0.300666000	70.0484686080232000000	0.0738553
0.309591000	71.0009747518367100000	0.0748553
0.318738000	71.9534808956502000000	0.0758553
0.328111000	72.9065479971455700000	0.0768553
0.337713000	73.8590541409590700000	0.0778553
0.347548000	74.8121212424544400000	0.0788553
0.357619000	75.7657493016316900000	0.0798553
0.367932000	76.7188164031270500000	0.0808553
0.378490000	77.6724444623043000000	0.0818553
0.389295000	78.6260725214815300000	0.0828553
0.400354000	79.5797005806587700000	0.0838553
0.411669000	80.5333286398360100000	0.0848553
0.423244000	81.4875176566951200000	0.0858553
0.435083000	82.4417066735542200000	0.0868553
0.447190000	83.3958956904133400000	0.0878553
0.459569000	84.3500847072724400000	0.0888553
0.472224000	85.3048346818134300000	0.0898553
0.485159000	86.2595846563544000000	0.0908553
0.498377000	87.2143346308953800000	0.0918553
0.511883000	88.1690846054363700000	0.0928553
0.525681000	89.1243955376592100000	0.0938553
0.539774000	90.0797064698820500000	0.0948553
0.554167000	91.0350174021049000000	0.0958553
0.568862000	91.9908892920096100000	0.0968553
0.583865000	92.9462002242324600000	0.0978553
0.599180000	93.9020721141371700000	0.0988553
0.614809000	94.8585049617237500000	0.0998553
0.630758000	95.8143768516284800000	0.100855
0.647029000	96.7708096992150500000	0.101855
0.663628000	97.7272425468016500000	0.102855
0.680557000	98.6842363520700900000	0.103855
0.697821000	99.6406691996566800000	0.104855
0.715424000	100.597663004925120000	0.105855
0.733369000	101.555217767875450000	0.106855
0.751661000	102.512211573143920000	0.107855
0.770303000	103.469766336094240000	0.108855
0.789300000	104.427882056726430000	0.109855
0.808655000	105.385436819676740000	0.110855
0.828372000	106.343552540308930000	0.111855
0.848456000	107.301668260941130000	0.112855
0.868909000	108.260344939255190000	0.113855
0.889736000	109.219021617569250000	0.114855
0.910941000	110.177698295883300000	0.115855
0.932528000	111.136374974197370000	0.116855
0.954500000	112.095612610193300000	0.117855
0.976801000	113.054850246189230000	0.118855
1.092440000	117.854404172260080000	0.123855
1.217090000	122.658445759785890000	0.128855
1.351740000	127.468096924130390000	0.133855
1.497090000	132.282796707611740000	0.138855
1.653750000	137.102545110229870000	0.143855
1.822280000	141.927903089666700000	0.148855
2.003220000	146.759431603604070000	0.153855
2.197080000	151.597130652042040000	0.158855
2.404350000	156.441000234980550000	0.163855
2.625540000	161.291601310101470000	0.168855
2.861120000	166.148933877404830000	0.173855
3.111550000	171.012997936890630000	0.178855
3.377300000	175.884354446240700000	0.183855
3.658820000	180.763003405455120000	0.188855
3.956540000	185.649505772215660000	0.193855
4.270900000	190.543861546522380000	0.198855
4.602330000	195.446631686057120000	0.203855
4.951260000	200.357255233138030000	0.208855
5.318090000	205.276854103128840000	0.213855
5.703240000	210.204867338347700000	0.218855
6.107120000	215.142416854158340000	0.223855
6.530110000	220.088941692878850000	0.228855
6.972620000	225.044441854509270000	0.233855
7.435040000	230.010039254413360000	0.238855
7.917730000	234.985733892591070000	0.243855
8.421100000	239.970964811360570000	0.248855
8.945510000	244.966853926085550000	0.253855
9.491330000	249.973401236766080000	0.258855
10.05890000	254.990606743402080000	0.263855
10.64870000	260.019031403675460000	0.268855
11.26090000	265.058114259904400000	0.273855
11.89610000	270.108977227452560000	0.278855
12.55440000	275.171059348638040000	0.283855
13.23630000	280.245482538824700000	0.288855
13.94210000	285.331685840330640000	0.293855
14.67220000	290.429669253155800000	0.298855
15.42680000	295.540554692663930000	0.303855
16.20640000	300.663781201173150000	0.308855
17.01130000	305.799909736365400000	0.313855
17.84180000	310.949501255922500000	0.318855
18.69830000	316.111994802162600000	0.323855
19.58100000	321.287390375085640000	0.328855
20.49030000	326.477370847737300000	0.333855
21.42650000	331.680253347071900000	0.338855
22.39000000	336.897720746135240000	0.343855
23.38100000	342.129212087245150000	0.348855
24.39990000	347.375288328083740000	0.353855
25.44700000	352.635949468650900000	0.358855
26.52270000	357.911195508946600000	0.363855
27.62710000	363.201587406652830000	0.368855
28.76070000	368.507125161769470000	0.373855
29.92370000	373.827808774296600000	0.378855
31.11650000	379.164199201916060000	0.383855
32.33930000	384.516296444627800000	0.388855
33.59250000	389.884100502432000000	0.393855
34.87630000	395.268172333010300000	0.398855
36.19110000	400.668511936362800000	0.403855
37.53710000	406.085680270171400000	0.408855
38.91470000	411.519116376754200000	0.413855
40.32410000	416.969381213793040000	0.418855
41.76570000	422.437035738969800000	0.423855
43.23960000	427.921518994602700000	0.428855
44.74630000	433.423391938373500000	0.433855
46.28600000	438.943215527964100000	0.438855
47.85890000	444.480428805692670000	0.443855
49.46550000	450.035592729241050000	0.448855
51.10580000	455.608707298609150000	0.453855
52.78030000	461.200333471479040000	0.458855
54.48930000	466.809910290168660000	0.463855
56.23290000	472.438559670041850000	0.468855
58.01150000	478.085720653416730000	0.473855
59.82530000	483.751954197975100000	0.478855
61.67470000	489.437260303717100000	0.483855
63.55990000	495.142199928324500000	0.488855
65.48120000	500.866212114115340000	0.493855
67.43880000	506.609857818771700000	0.498855
69.43310000	512.373697999975300000	0.503855
71.46430000	518.157171700044400000	0.508855
73.53280000	523.960839876660700000	0.513855
75.63860000	529.785263487506100000	0.518855
77.78230000	535.629320617216900000	0.523855
79.96390000	541.494694138838900000	0.528855
82.18390000	547.380823094690000000	0.533855
84.44240000	553.287707484770100000	0.538855
86.73990000	559.215347309079400000	0.543855
89.07640000	565.164864482981700000	0.548855
91.45240000	571.133454218067500000	0.553855
93.86810000	577.130091837246700000	0.558855
96.32380000	583.143558186882000000	0.563855
98.81980000	589.179462843792100000	0.568855
101.3560000	595.237805807976900000	0.573855
103.9340000	601.318587079436500000	0.578855
106.5520000	607.421806658170800000	0.583855
109.2120000	613.547464544179900000	0.588855
111.9140000	619.695560737463800000	0.593855
114.6580000	625.866095238022400000	0.598855
117.4440000	632.059068045855700000	0.603855
120.2720000	638.280088737782400000	0.608855
123.1440000	644.517938160165400000	0.613855
126.0580000	650.783835466641700000	0.618855
129.0170000	657.072171080392800000	0.623855
132.0190000	663.382945001418600000	0.628855
135.0650000	669.721766806538000000	0.633855
138.1550000	676.083026918932000000	0.638855
141.2900000	682.466725338600800000	0.643855
144.4700000	688.872862065544500000	0.648855
147.6960000	695.307046676581400000	0.653855
150.9670000	701.769279171711900000	0.658855
154.2830000	708.253949974117100000	0.663855
157.6460000	714.761059083797100000	0.668855
161.0550000	721.296216077570600000	0.673855
164.5110000	727.853811378618700000	0.678855
168.0140000	734.439454563760400000	0.683855
171.5640000	741.053145632995400000	0.688855
175.1620000	747.689275009505300000	0.693855
178.8070000	754.353452270108600000	0.698855
182.5000000	761.040067837986700000	0.703855
186.2410000	767.754731289958200000	0.708855
190.0310000	774.497442626023100000	0.713855
193.8690000	781.268201846181600000	0.718855
197.7560000	788.067008950433300000	0.723855
201.6910000	794.888254361960000000	0.728855
205.6760000	801.737547657580000000	0.733855
209.7090000	808.614888837293500000	0.738855
213.7920000	815.520277901100500000	0.743855
217.9240000	822.453714849000900000	0.748855
222.1050000	829.415199680994800000	0.753855
226.3350000	836.399122820263400000	0.758855
230.6150000	843.416703420444000000	0.763855
234.9430000	850.462331904718300000	0.768855
239.3210000	857.536008273086000000	0.773855
243.7460000	864.637732525547100000	0.778855
248.2210000	871.767504662101600000	0.783855
252.7430000	878.925324682749600000	0.788855
257.3130000	886.111192587491000000	0.793855
261.9310000	893.325108376325800000	0.798855
266.5950000	900.572681626072800000	0.803855
271.3050000	907.848302759913400000	0.808855
276.0620000	915.151971777847400000	0.813855
280.8620000	922.483688679874700000	0.818855
285.7070000	929.849063042814200000	0.823855
290.5950000	937.236875713028400000	0.828855
295.5250000	944.658345844154800000	0.833855
300.4950000	952.113473436193300000	0.838855
305.5050000	959.591039335506600000	0.843855
310.5540000	967.102262695732100000	0.848855
315.6390000	974.641533940051000000	0.853855
320.7590000	982.214462645282000000	0.858855
325.9120000	989.815439234606500000	0.863855
331.0960000	997.444463708024400000	0.868855
336.3090000	1005.10714564235450000	0.873855
341.5500000	1012.79787546077780000	0.878855
346.8140000	1020.51665316329480000	0.883855
352.1000000	1028.26347874990530000	0.888855
357.4060000	1036.04396179742780000	0.893855
362.7270000	1043.85810230586250000	0.898855
368.0610000	1051.69468112157190000	0.903855
373.4040000	1059.56491739819350000	0.908855
378.7530000	1067.46320155890860000	0.913855
384.1040000	1075.38953360371700000	0.918855
389.4530000	1083.34391353261900000	0.923855
394.7960000	1091.33195092243300000	0.928855
400.1280000	1099.34242661952160000	0.933855
405.4460000	1107.38655977752270000	0.938855
410.7440000	1115.45874081961700000	0.943855
416.0170000	1123.55896974580500000	0.948855
421.2610000	1131.68163697926750000	0.953855
426.4700000	1139.83796167364220000	0.958855
431.6390000	1148.01672467529200000	0.963855
436.7630000	1156.22353556103490000	0.968855
441.8370000	1164.45839433087100000	0.973855
446.8550000	1172.72130098480100000	0.978855
451.8130000	1181.00664594600560000	0.983855
456.7040000	1189.31442921448500000	0.988855
461.5240000	1197.65026036705790000	0.993855
466.2690000	1206.00852982690530000	0.998855
470.9350000	1214.39484717084630000	1.00386
475.5160000	1222.79799324524360000	1.00886
480.0110000	1231.22918720373400000	1.01386
484.4150000	1239.67720989268060000	1.01886
488.7270000	1248.14767088890200000	1.02386
492.9460000	1256.64057019239800000	1.02886
497.0710000	1265.15590780316900000	1.03386
501.1030000	1273.68807414439600000	1.03886
505.0420000	1282.23706921607910000	1.04386
508.8930000	1290.80850259503650000	1.04886
512.6600000	1299.39676470445060000	1.05386
516.3480000	1308.00185554432050000	1.05886
519.9640000	1316.62377511464660000	1.06386
523.5190000	1325.26813299224700000	1.06886
527.0240000	1333.92371002348520000	1.07386
530.4940000	1342.59611578517930000	1.07886
533.9470000	1351.28535027732980000	1.08386
537.4100000	1359.99141349993600000	1.08886
540.9300000	1368.70869587618000000	1.09386
544.5020000	1377.44841655969820000	1.09886
548.2600000	1386.19935639685420000	1.10386
551.3680000	1394.97273454128480000	1.10886
555.3080000	1403.75733183935270000	1.11386
